4294967279,95
4294967279,90
4294967279,63
4294967279,58
4294967279,53
4294967279,52
4294967279,51
4294967279,50
4294967279,44
4294967279,39
4294967279,34
4294967279,29
4294967278,129
4294967278,124
4294967278,123
4294967278,122
4294967278,111
4294967278,109
4294967278,106
4294967278,105
4294967278,103
4294967278,102
4294967278,101
4294967278,38
4294967278,36
4294967278,33
4294967278,28
4294967278,23
4294967278,17
4294967278,15
4294967278,5
4294967279,130
4294967279,124
4294967279,122
4294967279,121
4294967279,112
4294967279,111
4294967279,109
4294967279,103
4294967279,101
4294967279,100
4294967279,99
4294967279,93
4294967279,92
4294967279,84
4294967279,83
4294967279,82
4294967279,81
4294967279,80
4294967279,79
4294967279,76
4294967279,74
4294967279,72
4294967279,71
4294967279,70
4294967279,69
4294967279,68
4294967279,61
4294967279,55
4294967279,48
4294967279,47
4294967279,46
4294967279,45
4294967279,42
4294967279,40
4294967279,35
4294967279,24
4294967279,16
4294967279,11
4294967279,6
4294967294,5
0,5
4294967279,156
4294967294,1420
4294967294,1751
4294967294,1750
4294967294,1983
4294967294,32
4294967294,35
4294967294,1612
4294967294,1926
4294967294,1615
4294967294,1614
4294967294,14
4294967294,17
4294967294,119
4294967294,11
4294967294,1752
4294967294,1610
4294967294,19
4294967294,38
4294967294,71
4294967294,37
4294967294,1427
4294967294,1777
4294967294,1935
4294967294,1618
4294967294,120
4294967294,15
4294967294,13
4294967293,131
4294967293,130
4294967293,129
4294967293,128
4294967293,127
4294967293,126
4294967293,125
4294967293,124
4294967293,123
4294967293,122
4294967293,121
4294967293,120
4294967293,119
4294967293,118
4294967293,117
4294967293,116
4294967293,115
4294967293,114
4294967293,113
4294967293,112
4294967293,111
4294967293,110
4294967293,109
4294967293,108
4294967293,107
4294967293,106
4294967293,105
4294967293,104
4294967293,103
4294967293,102
4294967293,101
4294967293,100
4294967293,99
4294967293,98
4294967293,97
4294967293,96
4294967293,95
4294967293,94
4294967293,93
4294967293,92
4294967293,91
4294967293,90
4294967293,89
4294967293,87
4294967293,86
4294967293,85
4294967293,84
4294967293,83
4294967293,82
4294967293,81
4294967293,80
4294967293,79
4294967293,78
4294967293,77
4294967293,76
4294967293,75
4294967293,74
4294967293,73
4294967293,72
4294967293,71
4294967293,70
4294967293,69
4294967293,68
4294967293,67
4294967293,66
4294967293,65
4294967293,64
4294967293,63
4294967293,62
4294967293,61
4294967293,60
4294967293,59
4294967293,58
4294967293,57
4294967293,56
4294967293,55
4294967293,54
4294967293,53
4294967293,52
4294967293,51
4294967293,50
4294967293,49
4294967293,48
4294967293,47
4294967293,46
4294967293,45
4294967293,44
4294967293,43
4294967293,42
4294967293,41
4294967293,40
4294967293,39
4294967293,38
4294967293,37
4294967293,36
4294967293,35
4294967293,34
4294967293,33
4294967293,32
4294967293,31
4294967293,30
4294967293,29
4294967293,28
4294967293,27
4294967293,26
4294967293,25
4294967293,24
4294967293,23
4294967293,22
4294967293,21
4294967293,20
4294967293,19
4294967293,18
4294967293,17
4294967293,16
4294967293,15
4294967293,14
4294967293,13
4294967293,12
4294967293,11
4294967293,10
4294967293,9
4294967293,8
4294967293,7
4294967293,6
4294967293,5
4294967293,4
4294967293,3
4294967278,132
4294967278,131
4294967278,130
4294967278,125
4294967278,121
4294967278,120
4294967278,352
4294967278,119
4294967278,118
4294967278,243
4294967278,117
4294967278,116
4294967278,115
4294967278,114
4294967278,113
4294967278,112
4294967278,108
4294967278,104
4294967278,220
4294967278,100
4294967278,218
4294967278,99
4294967278,98
4294967278,97
4294967278,96
4294967278,95
4294967278,94
4294967278,93
4294967278,92
4294967278,91
4294967278,90
4294967278,89
4294967278,87
4294967278,86
4294967278,85
4294967278,337
4294967278,84
4294967278,83
4294967278,82
4294967278,81
4294967278,80
4294967278,79
4294967278,78
4294967278,77
4294967278,76
4294967278,75
4294967278,74
4294967278,73
4294967278,72
4294967278,71
4294967278,323
4294967278,70
4294967278,69
4294967278,68
4294967278,67
4294967278,253
4294967278,66
4294967278,65
4294967278,64
4294967278,63
4294967278,62
4294967278,61
4294967278,60
4294967278,59
4294967278,58
4294967278,57
4294967278,56
4294967278,55
4294967278,308
4294967278,54
4294967278,307
4294967278,53
4294967278,52
4294967278,51
4294967278,304
4294967278,50
4294967278,49
4294967278,48
4294967278,47
4294967278,300
4294967278,46
4294967278,299
4294967278,45
4294967278,44
4294967278,43
4294967278,42
4294967278,292
4294967278,41
4294967278,40
4294967278,37
4294967278,278
4294967278,18
4294967278,362
4294967278,16
4294967278,276
4294967278,12
4294967278,11
4294967278,10
4294967278,353
4294967278,0
4294967278,260
4294967278,6
4294967279,128
4294967279,125
4294967279,123
4294967279,120
4294967279,119
4294967279,118
4294967279,117
4294967279,116
4294967279,115
4294967279,114
4294967279,535
4294967279,104
4294967279,527
4294967279,526
4294967279,525
4294967279,524
4294967279,523
4294967279,513
4294967279,512
4294967279,255
4294967279,297
4294967279,286
4294967279,19
4294967279,550
4294967279,18
4294967279,549
4294967279,17
4294967279,15
4294967279,10
4294967279,5
4294967279,543
4294967279,174
4294967279,88
4294967279,260
4294967279,4
4294967294,1936
4294967294,2305
4294967294,1976
4294967294,2550
4294967294,1685
4294967294,1581
4294967294,1721
4294967294,1720
4294967294,1719
4294967294,1718
4294967294,1717
4294967294,1715
4294967294,1716
4294967294,1764
4294967294,1587
4294967294,1928
4294967294,1714
4294967294,1712
4294967294,1711
4294967294,1756
4294967294,1709
4294967294,1710
4294967294,1708
4294967294,1707
4294967294,1706
4294967294,1705
4294967294,1704
4294967294,1703
4294967294,1702
4294967294,1701
4294967294,1713
4294967294,1700
4294967294,1698
4294967294,1697
4294967294,1699
4294967279,285
4294967279,241
4294967279,539
4294967279,240
4294967279,536
4294967278,345
4294967278,216
4294967278,214
4294967278,212
4294967278,210
4294967278,208
4294967278,206
4294967278,343
4294967279,533
4294967278,342
4294967279,532
4294967278,341
4294967279,531
4294967278,340
4294967279,530
4294967278,339
4294967279,528
4294967278,336
4294967278,335
4294967278,334
4294967279,521
4294967278,330
4294967279,520
4294967278,329
4294967279,518
4294967278,327
4294967279,516
4294967278,325
4294967279,515
4294967278,324
4294967278,322
4294967279,319
4294967279,317
4294967278,318
4294967279,315
4294967278,316
4294967279,312
4294967278,313
4294967279,311
4294967278,311
4294967279,309
4294967278,310
4294967279,306
4294967279,304
4294967278,305
4294967279,303
4294967294,2552
4294967294,2304
4294967294,2548
4294967294,1586
4294967294,2307
4294967294,1739
4294967294,1686
4294967294,1726
4294967294,871
4294967294,870
4294967294,869
4294967294,1688
4294967294,865
4294967294,775
4294967294,1763
4294967294,863
4294967294,861
4294967294,859
4294967294,856
4294967294,852
4294967294,851
4294967294,1735
4294967294,1924
4294967294,866
4294967294,1683
4294967294,1672
4294967294,1738
4294967294,724
4294967294,1737
4294967294,715
4294967294,713
4294967294,712
4294967294,709
4294967294,1945
4294967294,701
4294967294,700
4294967294,699
4294967294,698
4294967294,697
4294967294,693
4294967294,692
4294967294,690
4294967294,689
4294967294,1937
4294967294,677
4294967294,672
4294967294,671
4294967294,670
4294967294,669
4294967294,663
4294967294,661
4294967294,660
4294967294,659
4294967294,654
4294967294,652
4294967294,1930
4294967294,1929
4294967294,625
4294967294,618
4294967294,616
4294967294,615
4294967294,614
4294967294,1696
4294967294,1695
4294967294,1694
4294967294,1693
4294967294,51
4294967294,52
1,0
4294967294,590
4294967294,588
4294967294,587
4294967294,586
4294967294,1920
4294967294,585
4294967294,584
4294967294,581
4294967294,495
4294967294,578
4294967294,573
4294967294,1138
4294967294,1089
4294967294,559
4294967294,557
4294967294,556
4294967294,1132
4294967294,553
4294967294,538
4294967294,536
4294967294,1439
4294967294,533
4294967294,529
4294967294,527
4294967294,521
4294967294,520
4294967294,359
4294967294,519
4294967294,518
4294967294,517
4294967294,516
4294967294,515
4294967294,512
4294967294,486
4294967294,484
4294967294,483
4294967294,480
4294967294,479
4294967294,474
4294967294,473
4294967294,472
4294967294,463
4294967294,461
4294967294,460
4294967294,1144
4294967294,1725
4294967279,301
4294967278,302
4294967279,299
4294967279,298
4294967279,296
4294967279,292
4294967279,291
4294967278,290
4294967279,290
4294967278,344
4294967279,534
4294967278,333
4294967279,519
4294967278,328
4294967279,514
4294967279,318
4294967278,319
4294967279,313
4294967278,314
4294967279,307
4294967278,298
4294967279,529
4294967278,338
4294967278,332
4294967278,320
4294967279,314
4294967278,315
4294967279,308
4294967278,309
4294967279,302
4294967278,303
4294967278,297
4294967279,295
4294967279,522
4294967278,331
4294967279,517
4294967278,326
4294967278,321
4294967279,316
4294967278,317
4294967278,312
4294967279,310
4294967279,305
4294967278,306
4294967279,300
4294967278,301
4294967278,296
4294967279,294
4294967278,291
4294967294,1136
4294967294,1675
4294967294,451
4294967294,1974
4294967294,1973
4294967294,1732
4294967294,1971
4294967294,1960
4294967294,1731
4294967294,1759
4294967294,1758
4294967294,1749
4294967294,1757
4294967294,1755
4294967294,1670
4294967294,1682
4294967294,1730
4294967294,1728
4294967294,1677
4294967294,2118
4294967294,1676
4294967294,1729
4294967294,1593
4294967294,1590
4294967294,2125
4294967294,1673
4294967294,1669
4294967294,1958
4294967294,1665
4294967294,1597
4294967294,1666
4294967294,1667
4294967294,1664
4294967294,1599
4294967294,1594
4294967294,1674
4294967294,1598
4294967294,1668
4294967294,1671
4294967294,1678
4294967294,1740
4294967294,2558
4294967294,2309
4294967294,1742
4294967294,1965
4294967294,1691
4294967294,1922
4294967294,1743
4294967294,1690
4294967294,1741
4294967294,1736
4294967294,354
4294967294,1734
4294967294,1680
4294967294,1733
4294967294,1589
4294967294,1583
4294967294,329
4294967294,1584
4294967294,1592
4294967294,1580
4294967294,369
4294967294,1579
4294967294,113
4294967294,1578
4294967294,1585
4294967294,1588
4294967294,1591
4294967294,1575
4294967294,1574
4294967294,1681
4294967294,1687
4294967294,1692
4294967294,108
4294967294,41
4294967294,325
4294967294,107
4294967294,39
4294967294,324
4294967294,40
4294967294,1442
4294967294,1441
4294967294,1596
4294967294,1595
4294967294,1582
4294967294,1577
4294967294,1419
4294967294,2112
4294967294,148
4294967294,1727
4294967294,1605
4294967294,1543
4294967294,1544
4294967294,1540
4294967294,1539
4294967294,1541
4294967294,1537
4294967294,1536
4294967294,1538
4294967294,1471
4294967294,190
4294967294,89
4294967294,1470
4294967294,1542
4294967294,1
4294967294,1125
4294967294,1915
4294967294,1914
4294967294,1913
4294967294,1912
4294967294,1911
4294967294,1909
4294967294,1910
4294967294,1908
4294967294,1907
4294967294,1906
4294967294,1905
4294967294,1904
4294967294,1903
4294967294,1902
4294967294,1901
4294967294,1900
4294967294,1899
4294967294,117
4294967294,1448
4294967294,1898
4294967294,1897
4294967294,1896
4294967294,1895
4294967294,1894
4294967294,1892
4294967294,1893
4294967294,1891
4294967294,1890
4294967294,1889
4294967294,1888
4294967294,1887
4294967294,1886
4294967294,1885
4294967294,1884
4294967294,1883
4294967294,1882
4294967279,293
4294967294,97
4294967294,98
4294967294,99
4294967294,100
4294967294,1881
4294967294,1880
4294967294,1879
4294967294,1878
4294967294,1877
4294967294,1875
4294967294,1876
4294967294,1874
4294967294,1873
